[(2, 1), (10, 1), (18, 1)], [], [0, 0]
[(2, 2), (10, 1), (18, 1)], [], [8, 0]
[(2, 2), (9, 1), (18, 1)], [], [16, 0]
[(2, 2), (9, 1), (17, 1)], [], [16, 8]
[(2, 2), (9, 1), (17, 1)], [], [16, 8]
[(2, 2), (9, 1), (17, 1)], [], [16, 8]
[(2, 3), (9, 1), (17, 1)], [], [24, 8]
[(2, 3), (8, 1), (17, 1)], [], [32, 8]
[(2, 3), (8, 1), (16, 1)], [], [32, 16]
[(2, 3), (8, 1), (16, 1)], [], [32, 16]
[(2, 3), (8, 1), (16, 1)], [], [32, 16]
[(2, 4), (8, 1), (16, 1)], [], [40, 16]
[(2, 4), (7, 1), (16, 1)], [], [48, 16]
[(2, 4), (7, 1), (16, 2)], [], [48, 24]
[(2, 4), (7, 1), (16, 2)], [], [48, 24]
[(2, 4), (7, 1), (16, 2)], [], [48, 24]
[(2, 5), (7, 1), (16, 2)], [], [56, 24]
[(2, 5), (8, 1), (16, 2)], [], [54, 24]
[(2, 5), (8, 1), (16, 1)], [], [54, 22]
[(2, 5), (8, 1), (16, 1)], [], [54, 22]
[(2, 5), (8, 1), (16, 1)], [], [54, 22]
[(3, 5), (8, 1), (16, 1)], [], [62, 22]
[(3, 5), (9, 1), (16, 1)], [], [60, 22]
[(3, 5), (9, 1), (17, 1)], [], [60, 20]
[(3, 5), (9, 1), (17, 1)], [], [60, 20]
[(3, 5), (9, 1), (17, 1)], [], [60, 20]
[(4, 5), (9, 1), (17, 1)], [], [68, 20]
[(4, 5), (10, 1), (17, 1)], [], [66, 20]
[(4, 5), (10, 1), (18, 1)], [], [66, 18]
[(4, 5), (10, 1), (18, 1)], [], [66, 18]
[(4, 5), (10, 1), (18, 1)], [], [66, 18]
[(5, 5), (10, 1), (18, 1)], [], [74, 18]
[(5, 5), (11, 1), (18, 1)], [], [82, 18]
[(5, 5), (11, 1), (19, 1)], [], [82, 26]
[(5, 5), (11, 1), (19, 1)], [], [82, 26]
[(5, 5), (11, 1), (19, 1)], [], [82, 26]
[(5, 4), (11, 1), (19, 1)], [], [90, 26]
[(5, 4), (11, 1), (19, 1)], [], [88, 26]
[(5, 4), (11, 1), (19, 2)], [], [88, 34]
[(5, 4), (11, 1), (19, 2)], [], [88, 34]
[(5, 4), (11, 1), (19, 2)], [], [88, 34]
[(5, 3), (11, 1), (19, 2)], [], [96, 34]
[(5, 3), (12, 1), (19, 2)], [], [104, 34]
[(5, 3), (12, 1), (19, 1)], [], [104, 32]
[(5, 3), (12, 1), (19, 1)], [], [104, 32]
[(5, 3), (12, 1), (19, 1)], [], [104, 32]
[(5, 2), (12, 1), (19, 1)], [], [112, 32]
[(5, 2), (13, 1), (19, 1)], [], [120, 32]
[(5, 2), (13, 1), (20, 1)], [], [120, 40]
[(5, 2), (13, 1), (20, 1)], [], [120, 40]
[(5, 2), (13, 1), (20, 1)], [], [120, 40]
[(5, 1), (13, 1), (20, 1)], [], [128, 40]
[(5, 1), (14, 1), (20, 1)], [], [136, 40]
[(5, 1), (14, 1), (19, 1)], [], [136, 38]
[(5, 1), (14, 1), (19, 1)], [], [136, 38]
[(5, 1), (14, 1), (19, 1)], [], [136, 38]
[(6, 1), (14, 1), (19, 1)], [], [144, 38]
[(6, 1), (14, 2), (19, 1)], [], [152, 38]
[(6, 1), (14, 2), (19, 2)], [], [152, 36]
[(6, 1), (14, 2), (19, 2)], [], [152, 36]
[(6, 1), (14, 2), (19, 2)], [], [152, 36]
[(7, 1), (14, 2), (19, 2)], [], [150, 36]
[(7, 1), (14, 3), (19, 2)], [], [158, 36]
[(7, 1), (14, 3), (19, 3)], [], [158, 44]
[(7, 1), (14, 3), (19, 3)], [], [158, 44]
[(7, 1), (14, 3), (19, 3)], [], [158, 44]
[(7, 2), (14, 3), (19, 3)], [], [166, 44]
[(7, 2), (14, 4), (19, 3)], [], [174, 44]
[(7, 2), (14, 4), (19, 4)], [], [174, 52]
[(7, 2), (14, 4), (19, 4)], [], [174, 52]
[(7, 2), (14, 4), (19, 4)], [], [174, 52]
[(7, 3), (14, 4), (19, 4)], [], [182, 52]
[(7, 3), (14, 5), (19, 4)], [], [190, 52]
[(7, 3), (14, 5), (19, 5)], [], [190, 60]
[(7, 3), (14, 5), (19, 5)], [], [190, 60]
[(7, 3), (14, 5), (19, 5)], [], [190, 60]
[(7, 4), (14, 5), (19, 5)], [], [198, 60]
[(7, 4), (15, 5), (19, 5)], [], [206, 60]
[(7, 4), (15, 5), (18, 5)], [], [206, 68]
[(7, 4), (15, 5), (18, 5)], [], [206, 68]
[(7, 4), (15, 5), (18, 5)], [], [206, 68]
[(7, 5), (15, 5), (18, 5)], [], [214, 68]
[(7, 5), (14, 5), (18, 5)], [], [212, 68]
[(7, 5), (14, 5), (17, 5)], [], [212, 76]
[(7, 5), (14, 5), (17, 5)], [], [212, 76]
[(7, 5), (14, 5), (17, 5)], [], [212, 76]
[(6, 5), (14, 5), (17, 5)], [], [220, 76]
[(6, 5), (14, 5), (17, 5)], [], [218, 76]
[(6, 5), (14, 5), (17, 5)], [], [218, 74]
[(6, 5), (14, 5), (17, 5)], [], [218, 74]
[(6, 5), (14, 5), (17, 5)], [], [218, 74]
[(5, 5), (14, 5), (17, 5)], [], [216, 74]
[(5, 5), (14, 5), (17, 5)], [], [214, 74]
[(5, 5), (14, 5), (17, 5)], [], [214, 72]
[(5, 5), (14, 5), (17, 5)], [], [214, 72]
[(5, 5), (14, 5), (17, 5)], [], [214, 72]
[(4, 5), (14, 5), (17, 5)], [], [212, 72]
[(4, 5), (14, 4), (17, 5)], [], [210, 72]
[(4, 5), (14, 4), (16, 5)], [], [210, 80]
[(4, 5), (14, 4), (16, 5)], [], [210, 80]
[(4, 5), (14, 4), (16, 5)], [], [210, 80]
[(3, 5), (14, 4), (16, 5)], [], [208, 80]
[(3, 5), (14, 3), (16, 5)], [], [206, 80]
[(3, 5), (14, 3), (15, 5)], [], [206, 78]
[(3, 5), (14, 3), (15, 5)], [], [206, 78]
[(3, 5), (14, 3), (15, 5)], [], [206, 78]
[(2, 5), (14, 3), (15, 5)], [], [204, 78]
[(2, 5), (13, 3), (15, 5)], [], [212, 78]
[(2, 5), (13, 3), (14, 5)], [], [212, 76]
[(2, 5), (13, 3), (14, 5)], [], [212, 76]
[(2, 5), (13, 3), (14, 5)], [], [212, 76]
[(1, 5), (13, 3), (14, 5)], [], [220, 76]
[(1, 5), (13, 3), (14, 5)], [], [218, 76]
[(1, 5), (13, 3), (14, 4)], [], [218, 74]
[(1, 5), (13, 3), (14, 4)], [], [218, 74]
[(1, 5), (13, 3), (14, 4)], [], [218, 74]
[(1, 4), (13, 3), (14, 4)], [], [226, 74]
[(1, 4), (13, 3), (14, 4)], [], [224, 74]
[(1, 4), (13, 3), (14, 3)], [], [224, 72]
[(1, 4), (13, 3), (14, 3)], [], [224, 72]
[(1, 4), (13, 3), (14, 3)], [], [224, 72]
[(1, 3), (13, 3), (14, 3)], [], [232, 72]
[(1, 3), (13, 3), (14, 3)], [], [230, 72]
[(1, 3), (13, 3), (14, 2)], [], [230, 70]
[(1, 3), (13, 3), (14, 2)], [], [230, 70]
[(1, 3), (13, 3), (14, 2)], [], [230, 70]
[(1, 2), (13, 3), (14, 2)], [], [238, 70]
[(1, 2), (13, 3), (14, 2)], [], [236, 70]
[(1, 2), (13, 3), (14, 1)], [], [236, 68]
[(1, 2), (13, 3), (14, 1)], [], [236, 68]
[(1, 2), (13, 3), (14, 1)], [], [236, 68]
[(1, 1), (13, 3), (14, 1)], [], [244, 68]
[(1, 1), (14, 3), (14, 1)], [], [242, 68]
[(1, 1), (14, 3), (15, 1)], [], [242, 76]
[(1, 1), (14, 3), (15, 1)], [], [242, 76]
[(1, 1), (14, 3), (15, 1)], [], [242, 76]
[(2, 1), (14, 3), (15, 1)], [], [240, 76]
[(2, 1), (14, 3), (15, 1)], [], [238, 76]
[(2, 1), (14, 3), (16, 1)], [], [238, 74]
[(2, 1), (14, 3), (16, 1)], [], [238, 74]
[(2, 1), (14, 3), (16, 1)], [], [238, 74]
[(3, 1), (14, 3), (16, 1)], [], [246, 74]
[(3, 1), (14, 3), (16, 1)], [], [244, 74]
[(3, 1), (14, 3), (17, 1)], [], [244, 72]
[(3, 1), (14, 3), (17, 1)], [], [244, 72]
[(3, 1), (14, 3), (17, 1)], [], [244, 72]
[(4, 1), (14, 3), (17, 1)], [], [252, 72]
[(4, 1), (14, 4), (17, 1)], [], [250, 72]
[(4, 1), (14, 4), (18, 1)], [], [250, 70]
[(4, 1), (14, 4), (18, 1)], [], [250, 70]
[(4, 1), (14, 4), (18, 1)], [], [250, 70]
[(5, 1), (14, 4), (18, 1)], [], [248, 70]
[(5, 1), (14, 5), (18, 1)], [], [246, 70]
[(5, 1), (14, 5), (19, 1)], [], [246, 68]
[(5, 1), (14, 5), (19, 1)], [], [246, 68]
[(5, 1), (14, 5), (19, 1)], [], [246, 68]
[(5, 2), (14, 5), (19, 1)], [], [244, 68]
[(5, 2), (15, 5), (19, 1)], [], [242, 68]
[(5, 2), (15, 5), (19, 2)], [], [242, 66]
[(5, 2), (15, 5), (19, 2)], [], [242, 66]
[(5, 2), (15, 5), (19, 2)], [], [242, 66]
[(5, 3), (15, 5), (19, 2)], [], [240, 66]
[(5, 3), (16, 5), (19, 2)], [], [238, 66]
[(5, 3), (16, 5), (19, 3)], [], [238, 64]
[(5, 3), (16, 5), (19, 3)], [], [238, 64]
[(5, 3), (16, 5), (19, 3)], [], [238, 64]
[(5, 4), (16, 5), (19, 3)], [], [236, 64]
[(5, 4), (17, 5), (19, 3)], [], [234, 64]
[(5, 4), (17, 5), (20, 3)], [], [234, 72]
[(5, 4), (17, 5), (20, 3)], [], [234, 72]
[(5, 4), (17, 5), (20, 3)], [], [234, 72]
[(6, 4), (17, 5), (20, 3)], [], [242, 72]
[(6, 4), (18, 5), (20, 3)], [], [240, 72]
[(6, 4), (18, 5), (20, 2)], [], [240, 80]
[(6, 4), (18, 5), (20, 2)], [], [240, 80]
[(6, 4), (18, 5), (20, 2)], [], [240, 80]
[(7, 4), (18, 5), (20, 2)], [], [238, 80]
[(7, 4), (19, 5), (20, 2)], [], [236, 80]
[(7, 4), (19, 5), (20, 1)], [], [236, 78]
[(7, 4), (19, 5), (20, 1)], [], [236, 78]
[(7, 4), (19, 5), (20, 1)], [], [236, 78]
[(7, 3), (19, 5), (20, 1)], [], [234, 78]
[(7, 3), (20, 5), (20, 1)], [], [242, 78]
[(7, 3), (20, 5), (20, 1)], [], [242, 76]
[(7, 3), (20, 5), (20, 1)], [], [242, 76]
[(7, 3), (20, 5), (20, 1)], [], [242, 76]
[(8, 3), (20, 5), (20, 1)], [], [250, 76]
[(8, 3), (20, 5), (20, 1)], [], [248, 76]
[(8, 3), (20, 5), (20, 1)], [], [248, 74]
[(8, 3), (20, 5), (20, 1)], [], [248, 74]
[(8, 3), (20, 5), (20, 1)], [], [248, 74]
[(9, 3), (20, 5), (20, 1)], [], [256, 74]
[(9, 3), (20, 5), (20, 1)], [], [254, 74]
[(9, 3), (20, 5), (20, 1)], [], [254, 72]
[(9, 3), (20, 5), (20, 1)], [], [254, 72]
[(9, 3), (20, 5), (20, 1)], [], [254, 72]
[(10, 3), (20, 5), (20, 1)], [], [262, 72]
[(10, 3), (20, 5), (20, 1)], [], [260, 72]
[(10, 3), (20, 5), (20, 1)], [], [260, 70]
[(10, 3), (20, 5), (20, 1)], [], [260, 70]
[(10, 3), (20, 5), (20, 1)], [], [260, 70]
[(11, 3), (20, 5), (20, 1)], [], [268, 70]
[(11, 3), (20, 5), (20, 1)], [], [266, 70]
[(11, 3), (20, 5), (20, 1)], [], [266, 68]
[(11, 3), (20, 5), (20, 1)], [], [266, 68]
[(11, 3), (20, 5), (20, 1)], [], [266, 68]
[(12, 3), (20, 5), (20, 1)], [], [274, 68]
[(12, 3), (20, 5), (20, 1)], [], [272, 68]
[(12, 3), (20, 5), (20, 1)], [], [272, 66]
[(12, 3), (20, 5), (20, 1)], [], [272, 66]
[(12, 3), (20, 5), (20, 1)], [], [272, 66]
[(13, 3), (20, 5), (20, 1)], [], [270, 66]
[(13, 3), (20, 5), (20, 1)], [], [268, 66]
[(13, 3), (20, 5), (20, 2)], [], [268, 64]
[(13, 3), (20, 5), (20, 2)], [], [268, 64]
[(13, 3), (20, 5), (20, 2)], [], [268, 64]
[(14, 3), (20, 5), (20, 2)], [], [266, 64]
[(14, 3), (20, 5), (20, 2)], [], [264, 64]
[(14, 3), (20, 5), (20, 3)], [], [264, 62]
[(14, 3), (20, 5), (20, 3)], [], [264, 62]
[(14, 3), (20, 5), (20, 3)], [], [264, 62]
[(14, 4), (20, 5), (20, 3)], [], [262, 62]
[(14, 4), (20, 5), (20, 3)], [], [260, 62]
[(14, 4), (20, 5), (20, 3)], [], [260, 60]
[(14, 4), (20, 5), (20, 3)], [], [260, 60]
[(14, 4), (20, 5), (20, 3)], [], [260, 60]
[(15, 4), (20, 5), (20, 3)], [], [268, 60]
[(15, 4), (20, 4), (20, 3)], [], [276, 60]
[(15, 4), (20, 4), (20, 2)], [], [276, 58]
[(15, 4), (20, 4), (20, 2)], [], [276, 58]
[(15, 4), (20, 4), (20, 2)], [], [276, 58]
[(16, 4), (20, 4), (20, 2)], [], [284, 58]
[(16, 4), (20, 3), (20, 2)], [], [282, 58]
[(16, 4), (20, 3), (20, 1)], [], [282, 56]
[(16, 4), (20, 3), (20, 1)], [], [282, 56]
[(16, 4), (20, 3), (20, 1)], [], [282, 56]
All food consumed! Scores: [790, 56]