[[[2, 1], [10, 1], [18, 1], [9, 5], [12, 5]], [], [0, 0]]
[[[2, 2], [10, 1], [18, 1], [9, 5], [12, 5]], [], [8, 0]]
[[[2, 2], [9, 1], [18, 1], [9, 5], [12, 5]], [], [16, 0]]
[[[2, 2], [9, 1], [17, 1], [9, 5], [12, 5]], [], [16, 8]]
[[[2, 2], [9, 1], [17, 1], [10.0, 5.0], [12, 5]], [], [16, 8]]
[[[2, 2], [9, 1], [17, 1], [10.0, 5.0], [11.0, 5.0]], [], [16, 8]]
[[[2, 3], [9, 1], [17, 1], [10.0, 5.0], [11.0, 5.0]], [], [24, 8]]
[[[2, 3], [8, 1], [17, 1], [10.0, 5.0], [11.0, 5.0]], [], [32, 8]]
[[[2, 3], [8, 1], [16, 1], [10.0, 5.0], [11.0, 5.0]], [], [32, 16]]
[[[2, 3], [8, 1], [16, 1], [10.0, 4.0], [11.0, 5.0]], [], [32, 16]]
[[[2, 3], [8, 1], [16, 1], [10.0, 4.0], [11.0, 4.0]], [], [32, 16]]
[[[2, 4], [8, 1], [16, 1], [10.0, 4.0], [11.0, 4.0]], [], [40, 16]]
[[[2, 4], [7, 1], [16, 1], [10.0, 4.0], [11.0, 4.0]], [], [48, 16]]
[[[2, 4], [7, 1], [16, 2], [10.0, 4.0], [11.0, 4.0]], [], [48, 24]]
[[[2, 4], [7, 1], [16, 2], [10.0, 3.0], [11.0, 4.0]], [], [48, 24]]
[[[2, 4], [7, 1], [16, 2], [10.0, 3.0], [10.0, 4.0]], [], [48, 24]]
[[[2, 5], [7, 1], [16, 2], [10.0, 3.0], [10.0, 4.0]], [], [56, 24]]
[[[2, 5], [8, 1], [16, 2], [10.0, 3.0], [10.0, 4.0]], [], [54, 24]]
[[[2, 5], [8, 1], [16, 1], [10.0, 3.0], [10.0, 4.0]], [], [54, 22]]
[[[2, 5], [8, 1], [16, 1], [9.0, 3.0], [10.0, 4.0]], [], [54, 22]]
[[[2, 5], [8, 1], [16, 1], [9.0, 3.0], [10.0, 3.0]], [], [54, 22]]
[[[3, 5], [8, 1], [16, 1], [9.0, 3.0], [10.0, 3.0]], [], [62, 22]]
[[[3, 5], [9, 1], [16, 1], [9.0, 3.0], [10.0, 3.0]], [], [60, 22]]
[[[3, 5], [9, 1], [17, 1], [9.0, 3.0], [10.0, 3.0]], [], [60, 20]]
[[[3, 5], [9, 1], [17, 1], [8.0, 3.0], [10.0, 3.0]], [], [60, 20]]
[[[3, 5], [9, 1], [17, 1], [8.0, 3.0], [11.0, 3.0]], [], [60, 20]]
[[[4, 5], [9, 1], [17, 1], [8.0, 3.0], [11.0, 3.0]], [], [68, 20]]
[[[4, 5], [10, 1], [17, 1], [8.0, 3.0], [11.0, 3.0]], [], [66, 20]]
[[[4, 5], [10, 1], [18, 1], [8.0, 3.0], [11.0, 3.0]], [], [66, 18]]
[[[4, 5], [10, 1], [18, 1], [7.0, 3.0], [11.0, 3.0]], [], [66, 18]]
[[[4, 5], [10, 1], [18, 1], [7.0, 3.0], [12.0, 3.0]], [], [66, 18]]
[[[5, 5], [10, 1], [18, 1], [7.0, 3.0], [12.0, 3.0]], [], [74, 18]]
[[[5, 5], [11, 1], [18, 1], [7.0, 3.0], [12.0, 3.0]], [], [82, 18]]
[[[5, 5], [11, 1], [19, 1], [7.0, 3.0], [12.0, 3.0]], [], [82, 26]]
[[[5, 5], [11, 1], [19, 1], [7.0, 4.0], [12.0, 3.0]], [], [82, 26]]
[[[5, 5], [11, 1], [19, 1], [7.0, 4.0], [13.0, 3.0]], [], [82, 26]]
[[[5, 4], [11, 1], [19, 1], [7.0, 4.0], [13.0, 3.0]], [], [90, 26]]
[[[5, 4], [11, 1], [19, 1], [7.0, 4.0], [13.0, 3.0]], [], [88, 26]]
[[[5, 4], [11, 1], [19, 2], [7.0, 4.0], [13.0, 3.0]], [], [88, 34]]
[[[5, 4], [11, 1], [19, 2], [6.0, 4.0], [13.0, 3.0]], [], [88, 34]]
[[[5, 4], [11, 1], [19, 2], [6.0, 4.0], [14.0, 3.0]], [], [88, 34]]
[[[5, 3], [11, 1], [19, 2], [6.0, 4.0], [14.0, 3.0]], [], [96, 34]]
[[[5, 3], [12, 1], [19, 2], [6.0, 4.0], [14.0, 3.0]], [], [104, 34]]
[[[5, 3], [12, 1], [19, 1], [6.0, 4.0], [14.0, 3.0]], [], [104, 32]]
[[[5, 3], [12, 1], [19, 1], [5.0, 4.0], [14.0, 3.0]], [], [104, 32]]
[[[5, 3], [12, 1], [19, 1], [5.0, 4.0], [14.0, 2.0]], [], [104, 32]]
[[[5, 2], [12, 1], [19, 1], [5.0, 4.0], [14.0, 2.0]], [], [112, 32]]
[[[5, 2], [13, 1], [19, 1], [5.0, 4.0], [14.0, 2.0]], [], [120, 32]]
[[[5, 2], [13, 1], [20, 1], [5.0, 4.0], [14.0, 2.0]], [], [120, 40]]
[[[5, 2], [13, 1], [20, 1], [5.0, 3.0], [14.0, 2.0]], [], [120, 40]]
[[[5, 2], [13, 1], [20, 1], [5.0, 3.0], [14.0, 1.0]], [], [120, 40]]
[[[5, 1], [13, 1], [20, 1], [5.0, 3.0], [14.0, 1.0]], [], [128, 40]]
Pacman #1 died
[[[5, 1], [14, 1], [20, 1], [5.0, 3.0], [14.0, 1.0]], [1], [136, 40]]
[[[5, 1], [14, 1], [19, 1], [5.0, 3.0], [14.0, 1.0]], [1], [136, 38]]
[[[5, 1], [14, 1], [19, 1], [5.0, 2.0], [14.0, 1.0]], [1], [136, 38]]
[[[5, 1], [14, 1], [19, 1], [5.0, 2.0], [15.0, 1.0]], [1], [136, 38]]
[[[6, 1], [14, 1], [19, 1], [5.0, 2.0], [15.0, 1.0]], [1], [144, 38]]
[[[6, 1], [14, 1], [19, 1], [5.0, 2.0], [15.0, 1.0]], [1], [144, 38]]
[[[6, 1], [14, 1], [19, 2], [5.0, 2.0], [15.0, 1.0]], [1], [144, 36]]
[[[6, 1], [14, 1], [19, 2], [5.0, 1.0], [15.0, 1.0]], [1], [144, 36]]
[[[6, 1], [14, 1], [19, 2], [5.0, 1.0], [16.0, 1.0]], [1], [144, 36]]
[[[7, 1], [14, 1], [19, 2], [5.0, 1.0], [16.0, 1.0]], [1], [142, 36]]
[[[7, 1], [14, 1], [19, 2], [5.0, 1.0], [16.0, 1.0]], [1], [142, 36]]
[[[7, 1], [14, 1], [19, 3], [5.0, 1.0], [16.0, 1.0]], [1], [142, 44]]
[[[7, 1], [14, 1], [19, 3], [6.0, 1.0], [16.0, 1.0]], [1], [142, 44]]
[[[7, 1], [14, 1], [19, 3], [6.0, 1.0], [16.0, 2.0]], [1], [142, 44]]
[[[7, 2], [14, 1], [19, 3], [6.0, 1.0], [16.0, 2.0]], [1], [150, 44]]
[[[7, 2], [14, 1], [19, 3], [6.0, 1.0], [16.0, 2.0]], [1], [150, 44]]
[[[7, 2], [14, 1], [19, 4], [6.0, 1.0], [16.0, 2.0]], [1], [150, 52]]
[[[7, 2], [14, 1], [19, 4], [7.0, 1.0], [16.0, 2.0]], [1], [150, 52]]
[[[7, 2], [14, 1], [19, 4], [7.0, 1.0], [16.0, 3.0]], [1], [150, 52]]
[[[7, 3], [14, 1], [19, 4], [7.0, 1.0], [16.0, 3.0]], [1], [158, 52]]
[[[7, 3], [14, 1], [19, 4], [7.0, 1.0], [16.0, 3.0]], [1], [158, 52]]
[[[7, 3], [14, 1], [19, 5], [7.0, 1.0], [16.0, 3.0]], [1], [158, 60]]
[[[7, 3], [14, 1], [19, 5], [7.0, 2.0], [16.0, 3.0]], [1], [158, 60]]
[[[7, 3], [14, 1], [19, 5], [7.0, 2.0], [16.0, 4.0]], [1], [158, 60]]
[[[7, 4], [14, 1], [19, 5], [7.0, 2.0], [16.0, 4.0]], [1], [166, 60]]
[[[7, 4], [14, 1], [19, 5], [7.0, 2.0], [16.0, 4.0]], [1], [166, 60]]
[[[7, 4], [14, 1], [18, 5], [7.0, 2.0], [16.0, 4.0]], [1], [166, 68]]
[[[7, 4], [14, 1], [18, 5], [7.0, 3.0], [16.0, 4.0]], [1], [166, 68]]
[[[7, 4], [14, 1], [18, 5], [7.0, 3.0], [16.0, 5.0]], [1], [166, 68]]
[[[7, 5], [14, 1], [18, 5], [7.0, 3.0], [16.0, 5.0]], [1], [174, 68]]
[[[7, 5], [14, 1], [18, 5], [7.0, 3.0], [16.0, 5.0]], [1], [174, 68]]
[[[7, 5], [14, 1], [17, 5], [7.0, 3.0], [16.0, 5.0]], [1], [174, 76]]
[[[7, 5], [14, 1], [17, 5], [7.0, 4.0], [16.0, 5.0]], [1], [174, 76]]
Pacman #2 died
Team #1 eliminated
Game Over! Scores: [174, -424]